Depth Nodes                        Captures         E.p.         Castles        Promotions  Checks          Discovery Checks  Double Checks  Checkmates
0     1                            0                0            0              0           0               0                 0              0
1     20                           0                0            0              0           0               0                 0              0
2     400                          0                0            0              0           0               0                 0              0
3     8,902                        34               0            0              0           12              0                 0              0
4     197,281                      1576             0            0              0           469             0                 0              8
5     4,865,609                    82,719           258	         0              0           27,351          6                 0              347
6     119,060,324                  2,812,008        5248         0              0           809,099         329               46             10,828
7     3,195,901,860                108,329,926      319,617      883,453        0           33,103,848      18,026            1628           435,767
8     84,998,978,956               3,523,740,106    7,187,977    23,605,205     0           968,981,593     847,039           147,215        9,852,036
9     2,439,530,234,167            125,208,536,153  319,496,827  1,784,356,000	17,334,376  36,095,901,903  37,101,713        5,547,231      400,191,963
10    69,352,859,712,417
11    2,097,651,003,696,806
12    62,854,969,236,701,747
13    1,981,066,775,000,396,239
14    61,885,021,521,585,529,237
15    2,015,099,950,053,364,471,960

From https://www.chessprogramming.org/Perft_Results
